# tuning.toml — generated by jtx-improve.
# Hand edits survive subsequent sessions IFF unknown keys are
# absent (the loader is strict). Run `jtx-improve leaderboard`
# to see which sessions produced this snapshot.


tau_bias_magnitude = 0.147605

[voice_tau]
drumkit = 0.033818
bass = 0.000000
stabs = 0.050000
lead = 0.200000
arp = 0.406404
sub = 0.427525
pad = 0.500000
chord = 0.600000
fx = 0.700000

[filter]
subdivisions = ["4", "16", "16t"]
depth_scale = 0.950000
centre_cc = 70
half_range_base = 8
half_range_motion_scale = 52
motion_band_low = 0.340000
motion_band_high = 0.662125

[tempo]
centre_base = 80
centre_energy_coef = 72
spread_base = 6
spread_chaos_coef = 8
bpm_floor = 60
bpm_ceiling = 180

[feel]
window_half_base = 0.050000
window_half_chaos_coef = 0.120000

[feel.centres.pump]
base = 0.250000
energy = 0.350000
texture = 0.200000
motion = -0.200000
valence_abs_inv = 0.000000
valence_inv = 0.000000
chaos = 0.000000

[feel.centres.groove]
base = 0.200000
energy = 0.000000
texture = 0.000000
motion = 0.100000
valence_abs_inv = 0.300000
valence_inv = 0.000000
chaos = 0.000000

[feel.centres.drive]
base = 0.200000
energy = 0.450000
texture = 0.000000
motion = 0.200000
valence_abs_inv = 0.000000
valence_inv = 0.000000
chaos = 0.000000

[feel.centres.tension]
base = 0.200000
energy = 0.000000
texture = 0.000000
motion = 0.000000
valence_abs_inv = 0.000000
valence_inv = 0.450000
chaos = 0.150000

[feel.centres.wander]
base = 0.100000
energy = 0.000000
texture = 0.000000
motion = 0.200000
valence_abs_inv = 0.000000
valence_inv = 0.000000
chaos = 0.350000
